
----- Jeongeun_Park -----
2018.9.04: 2.07 min                   18 -- [15, 6, 29, 17, 135, 52, 141, 55, 128, 51, 106, 56, 111, 88, 114, 76, 144, 10]

Number of questions practiced       : 18
Number of unique questions practiced: 18
Max count                           : 1
Total APP Usage Time                : 2.07 min

----- shuo_han -----
2018.9.04: 3.88 min                   220 -- [52, 6, 29, 17, 9, 10, 18, 40, 40, 11, 41, 3, 46, 44, 49, -1, 15, 24, 6, 29, 17, 9, 10, 18, 40, 11, 41, 3, 46, 37, 44, 49, -1, -1, -1, -1, 128, 106, 111, 114, -1, -1, 144, 142, 131, 102, 133, 130, 148, 113, 104, 135, 141, 128, 106, 106, 114, 144, 142, 131, 145, -1, 102, 133, 130, 148, 113, 104, -1, -1, -1, 51, 56, 88, 76, 77, 89, 59, 92, 73, 83, 75, 90, 99, 58, -1, 52, 51, 56, 88, 76, 77, 89, 59, 92, 73, 83, 75, 90, 99, 58, -1, -1, -1, -1, -1, -1, -1, -1, -1, -1, -1, -1, 15, 24, 6, 29, 17, 9, 10, 18, 40, 11, 41, 3, 46, 37, 44, 49, 15, 24, 6, 29, -1, 17, 9, 10, 18, 40, 11, 41, 3, 46, 37, 44, 49, -1, -1, -1, 128, 106, 111, 114, 144, 142, -1, 131, 145, 102, 133, 130, 148, 113, 104, 135, 141, 128, 106, 111, 114, 144, 142, 131, 145, 102, 133, -1, 130, 148, 113, 104, -1, -1, 52, 55, 51, 56, 88, 76, 77, 89, 59, 92, 73, 83, 75, 90, 99, 58, -1, 52, 55, 51, 56, 88, 76, 77, 89, 59, 92, 73, 83, 75, 90, 99, 58, -1, -1, -1, -1]

Number of questions practiced       : 183
Number of unique questions practiced: 48
Max count                           : 5
Total APP Usage Time                : 3.88 min

