
----- Heidi_He -----
2018.9.05: 1.85 min                   20 -- [15, 24, 6, 29, 52, 17, 9, 10, 18, 40, 11, 41, 3, 46, 37, 44, 49, 15, 24, 6]
2018.9.06: 3.25 min                   20 -- [29, 17, 17, 10, 18, 135, 55, 51, 56, 88, 76, 77, 89, 59, 92, 73, 83, 75, 90, 99]
2018.9.07: 0.82 min                   5 -- [9, 40, 141, 58, 128]
2018.9.08: 4.03 min                   15 -- [11, 41, 3, 46, 37, 44, 49, 106, 111, 114, 144, 142, 131, 145, 102]
2018.9.09:10.88 min                   36 -- [133, 130, 148, 113, 104, 135, 141, 128, 106, 111, 114, 144, 142, 131, 145, 102, 133, 130, 148, 113, 104, 52, 55, 51, 56, 88, 76, 77, 89, 59, 92, 73, 83, 75, 90, 99]

Number of questions practiced       : 96
Number of unique questions practiced: 48
Max count                           : 3
Total APP Usage Time                : 20.83 min

----- Anna_Yu -----
2018.9.05: 2.93 min                   20 -- [15, 24, 6, 29, 17, 9, 10, 18, 40, 11, 41, 3, 46, 37, 44, 49, 15, 24, 6, 29]
2018.9.06: 1.95 min                   20 -- [17, 9, 10, 18, 40, 11, 41, 3, 46, 37, 44, 49, 52, 55, 51, 56, 88, 76, 77, 89]
2018.9.07: 0.03 min                   0 -- []
2018.9.08: 1.52 min                   20 -- [59, 92, 73, 83, 75, 90, 99, 58, 52, 55, 51, 56, 88, 76, 77, 89, 59, 92, 73, 83]
2018.9.09: 1.43 min                   36 -- [135, 141, 128, 128, 111, 114, 144, 142, 131, 145, 102, 102, 130, 148, 113, 104, 135, 141, 128, 106, 111, 114, 144, 142, 131, 145, 102, 133, 130, 148, 113, 104, 75, 90, 99, 58]

Number of questions practiced       : 96
Number of unique questions practiced: 48
Max count                           : 3
Total APP Usage Time                : 7.87 min

----- Mkhanyisi_Gamedze -----
2018.9.06: 0.12 min                   0 -- []
2018.9.07: 9.87 min                   19 -- [15, 24, 6, 29, 17, 9, 10, 18, 40, 11, 41, 3, 46, 37, 44, 49, 15, 24, 6]
2018.9.09:10.75 min                   21 -- [29, 17, 9, 135, 52, 55, 51, 56, 141, 128, 106, 111, 114, 144, 142, 131, 88, 76, 77, 89, 59]

Number of questions practiced       : 40
Number of unique questions practiced: 34
Max count                           : 2
Total APP Usage Time                : 20.73 min

----- Wenxiao_Huang -----
2018.9.07: 0.55 min                   3 -- [15, 24, 6]
2018.9.08:10.18 min                   54 -- [29, 17, 9, 10, 18, 40, 11, 3, 46, 37, 44, 49, 15, 6, 17, 9, 10, 18, 40, 11, 41, 3, 46, 37, 44, 49, 135, 141, 128, 106, 111, 114, 144, 142, 131, 52, 55, 51, 56, 88, 76, 77, 89, 59, 92, 73, 83, 75, 90, 99, 58, 52, 55, 51]
2018.9.09: 6.53 min                   36 -- [24, 29, 41, 145, 102, 133, 130, 148, 104, 135, 141, 128, 106, 111, 114, 144, 142, 131, 145, 102, 133, 130, 148, 56, 88, 76, 77, 89, 59, 92, 73, 83, 75, 90, 99, 58]
2018.9.10: 0.15 min                   0 -- []

Number of questions practiced       : 93
Number of unique questions practiced: 47
Max count                           : 2
Total APP Usage Time                : 17.42 min

----- Harry_Liu -----
2018.9.05: 4.48 min                   94 -- [15, 24, 6, 29, 17, 17, 10, 18, 40, 11, 41, 3, 46, 37, 44, 49, 15, 24, 6, 29, 9, 9, 10, 18, 11, 41, 3, 46, 37, 37, 49, 135, 141, 52, 55, 51, 56, 88, 76, 77, 89, 89, 92, 92, 73, 83, 83, 75, 75, 90, 99, 99, 56, 56, 88, 88, 89, 59, 59, 92, 73, 73, 83, 58, 128, 106, 111, 114, 144, 142, 131, 145, 102, 133, 133, 148, 113, 104, 135, 141, 128, 106, 111, 114, 144, 142, 131, 145, 102, 133, 133, 148, 148, 104]
2018.9.06: 0.32 min                   2 -- [40, 44]

Number of questions practiced       : 96
Number of unique questions practiced: 47
Max count                           : 4
Total APP Usage Time                : 4.8 min

----- Miao_Zhang -----
2018.9.06: 5.70 min                   35 -- [6, 29, 17, 9, 10, 40, 11, 41, 3, 46, 37, 44, 49, 15, 24, 6, 17, 9, 10, 18, 40, 11, 41, 3, 46, 37, 44, 49, 141, 128, 106, 111, 114, 144, 142]
2018.9.07: 4.38 min                   41 -- [52, 55, 55, 55, 51, 76, 76, 89, 89, 92, 99, 58, 52, 55, 51, 56, 15, 29, 29, 131, 88, 77, 59, 59, 73, 145, 75, 102, 133, 133, 130, 148, 113, 104, 90, 135, 88, 88, 77, 77, 92]
2018.9.08: 1.20 min                   20 -- [24, 18, 83, 135, 141, 128, 106, 111, 114, 144, 142, 131, 145, 102, 130, 148, 113, 104, 56, 73]

Number of questions practiced       : 96
Number of unique questions practiced: 48
Max count                           : 4
Total APP Usage Time                : 11.28 min

----- Yin_Li -----
2018.9.06: 4.28 min                   19 -- [24, 52, 135, 55, 51, 6, 56, 29, 88, 141, 128, 106, 111, 114, 144, 142, 131, 145, 102]
2018.9.07: 0.33 min                   41 -- [17, 17, 17, 9, 9, 9, 9, 18, 18, 18, 18, 40, 40, 11, 11, 11, 3, 3, 3, 3, 46, 46, 37, 37, 44, 49, 49, 49, 49, 49, 24, 24, 6, 29, 29, 29, 29, 29, 29, 29, 18]
2018.9.08: 0.47 min                   19 -- [10, 41, 15, 10, 41, 44, 133, 76, 77, 89, 59, 92, 73, 83, 75, 90, 99, 58, 52]
2018.9.09: 2.57 min                   15 -- [130, 55, 51, 56, 88, 76, 77, 89, 92, 73, 83, 75, 90, 99, 58]

Number of questions practiced       : 95
Number of unique questions practiced: 45
Max count                           : 8
Total APP Usage Time                : 7.65 min

----- Jeongeun_Park -----
2018.9.04: 2.07 min                   19 -- [15, 6, 29, 17, 9, 135, 52, 141, 55, 128, 51, 106, 56, 111, 88, 114, 76, 144, 10]
2018.9.05: 1.43 min                   21 -- [24, 142, 77, 89, 59, 131, 92, 73, 83, 75, 145, 102, 133, 130, 148, 113, 104, 18, 90, 99, 58]
2018.9.06: 1.10 min                   20 -- [40, 11, 41, 3, 46, 37, 44, 49, 15, 24, 52, 135, 55, 51, 6, 56, 29, 88, 141, 128]
2018.9.07: 1.68 min                   21 -- [106, 111, 114, 144, 142, 131, 145, 102, 133, 130, 148, 113, 104, 17, 9, 10, 18, 76, 77, 89, 59]
2018.9.08: 0.77 min                   14 -- [40, 11, 41, 73, 83, 75, 3, 46, 37, 44, 49, 90, 99, 58]

Number of questions practiced       : 95
Number of unique questions practiced: 48
Max count                           : 2
Total APP Usage Time                : 7.05 min

----- Hanke_Gu -----
2018.9.08: 3.82 min                   19 -- [24, 135, 52, 141, 128, 55, 51, 56, 88, 76, 77, 89, 6, 29, 17, 9, 10, 18, 40]
2018.9.09: 5.67 min                   21 -- [15, 11, 41, 3, 46, 59, 92, 73, 83, 37, 44, 75, 106, 111, 114, 144, 142, 131, 131, 102, 133]
2018.9.10: 3.47 min                   22 -- [49, 15, 24, 6, 29, 17, 9, 10, 18, 40, 11, 41, 3, 46, 37, 44, 49, 130, 148, 113, 104, 90]

Number of questions practiced       : 62
Number of unique questions practiced: 45
Max count                           : 2
Total APP Usage Time                : 12.95 min

----- Ziang_Zhu -----
2018.9.07: 4.95 min                   39 -- [24, 6, 29, 17, 9, 10, 18, 40, 11, 41, 3, 46, 37, 44, 49, 15, 24, 6, 6, 29, 17, 9, 10, 18, 40, 11, 41, 3, 46, 37, 44, 49, 141, 128, 106, 111, 114, 144, 142]
2018.9.08: 6.67 min                   20 -- [15, 135, 131, 145, 102, 133, 130, 148, 113, 135, 141, 128, 106, 111, 114, 144, 142, 131, 145, 102]
2018.9.09: 1.17 min                   37 -- [104, 133, 130, 148, 113, 104, 52, 55, 51, 56, 88, 76, 77, 89, 59, 92, 73, 83, 75, 90, 99, 58, 52, 55, 51, 56, 88, 76, 77, 89, 59, 92, 73, 83, 75, 90, 99]

Number of questions practiced       : 96
Number of unique questions practiced: 48
Max count                           : 3
Total APP Usage Time                : 12.78 min

----- Akemi_Wijayabahu -----
2018.9.07: 7.43 min                   19 -- [24, 6, 135, 52, 55, 51, 56, 29, 88, 141, 128, 106, 111, 114, 144, 142, 131, 145, 102]
2018.9.08: 6.93 min                   20 -- [133, 130, 148, 113, 104, 17, 9, 10, 18, 76, 77, 89, 59, 92, 73, 83, 75, 90, 99, 58]
2018.9.09: 6.88 min                   21 -- [15, 40, 11, 41, 3, 46, 37, 44, 49, 15, 24, 52, 135, 55, 51, 6, 56, 29, 88, 141, 128]
2018.9.10: 5.98 min                   20 -- [17, 9, 106, 111, 114, 144, 142, 131, 145, 102, 133, 130, 148, 113, 104, 10, 18, 76, 77, 89]

Number of questions practiced       : 80
Number of unique questions practiced: 48
Max count                           : 2
Total APP Usage Time                : 27.23 min

----- Ramon_Tuason -----
2018.9.09: 3.87 min                   20 -- [15, 24, 6, 29, 17, 9, 10, 18, 40, 11, 41, 3, 46, 37, 44, 49, 15, 24, 135, 141]

Number of questions practiced       : 20
Number of unique questions practiced: 18
Max count                           : 2
Total APP Usage Time                : 3.87 min

----- Meng_Tang -----
2018.9.07: 2.58 min                   10 -- [17, 9, 10, 11, 3, 37, 44, 15, 6, 29]
2018.9.08:11.92 min                   47 -- [18, 52, 135, 55, 51, 56, 141, 88, 76, 40, 41, 46, 49, 15, 24, 6, 29, 17, 9, 10, 18, 40, 11, 41, 3, 37, 44, 49, 89, 59, 92, 73, 83, 128, 75, 106, 111, 114, 144, 142, 131, 145, 102, 133, 130, 148, 113]
2018.9.09: 5.38 min                   29 -- [24, 46, 77, 104, 90, 99, 58, 52, 135, 55, 51, 56, 88, 141, 128, 106, 111, 114, 144, 142, 131, 145, 102, 133, 130, 148, 113, 104, 76]
2018.9.10: 2.07 min                   9 -- [89, 59, 92, 73, 83, 75, 90, 99, 58]

Number of questions practiced       : 95
Number of unique questions practiced: 48
Max count                           : 2
Total APP Usage Time                : 21.95 min

----- Huiying_Chen -----
2018.9.08:11.47 min                   58 -- [24, 6, 29, 17, 17, 10, 18, 40, 11, 41, 3, 46, 37, 44, 49, 15, 24, 6, 29, 17, 9, 135, 10, 52, 141, 55, 51, 56, 128, 88, 106, 111, 114, 144, 142, 131, 145, 102, 133, 130, 148, 113, 18, 40, 76, 77, 89, 59, 92, 73, 83, 75, 90, 99, 58, 52, 55, 51]
2018.9.09: 1.48 min                   20 -- [56, 88, 104, 11, 135, 41, 141, 128, 106, 111, 111, 77, 89, 114, 59, 144, 142, 131, 92, 73]
2018.9.10: 2.17 min                   16 -- [3, 46, 37, 44, 49, 83, 145, 102, 133, 130, 148, 113, 104, 75, 90, 99]

Number of questions practiced       : 94
Number of unique questions practiced: 48
Max count                           : 3
Total APP Usage Time                : 15.12 min

----- shuo_han -----
2018.9.04: 5.02 min                   196 -- [15, 135, 52, 55, 141, 6, 29, 17, 9, 10, 18, 40, 40, 11, 41, 3, 46, 44, 49, 15, 24, 6, 29, 17, 9, 10, 18, 40, 11, 41, 3, 46, 37, 44, 49, 128, 106, 111, 114, 144, 142, 131, 102, 133, 130, 148, 113, 104, 135, 141, 128, 106, 106, 114, 144, 142, 131, 145, 102, 133, 130, 148, 113, 104, 51, 56, 88, 76, 77, 89, 59, 92, 73, 83, 75, 90, 99, 58, 52, 55, 51, 56, 88, 76, 77, 89, 59, 92, 73, 83, 75, 90, 99, 58, 15, 24, 6, 29, 17, 9, 10, 18, 40, 11, 41, 3, 46, 37, 44, 49, 15, 24, 6, 29, 17, 9, 10, 18, 40, 11, 41, 3, 46, 37, 44, 49, 135, 128, 106, 111, 114, 144, 142, 131, 145, 102, 133, 130, 148, 113, 104, 135, 141, 128, 106, 111, 114, 144, 142, 131, 145, 102, 133, 130, 148, 113, 104, 52, 55, 51, 56, 88, 76, 77, 89, 59, 92, 73, 83, 75, 90, 99, 58, 52, 55, 51, 56, 88, 76, 77, 89, 59, 92, 73, 83, 75, 90, 99, 58, 135, 135, 141, 15, 24, 52, 135]
2018.9.05: 2.53 min                   10 -- [55, 51, 6, 56, 29, 88, 141, 128, 106, 111]
2018.9.06: 0.10 min                   0 -- []

Number of questions practiced       : 206
Number of unique questions practiced: 48
Max count                           : 7
Total APP Usage Time                : 7.65 min

----- wenjing_yan -----
2018.9.05: 0.28 min                   0 -- []
2018.9.06: 5.35 min                   22 -- [15, 6, 29, 17, 10, 18, 11, 41, 44, 15, 6, 29, 17, 9, 10, 18, 11, 41, 46, 37, 44, 49]
2018.9.07: 3.95 min                   38 -- [24, 3, 24, 9, 40, 3, 46, 37, 49, 52, 135, 55, 51, 56, 88, 141, 128, 128, 106, 111, 114, 144, 142, 131, 145, 102, 133, 130, 148, 113, 104, 76, 77, 89, 59, 92, 73, 83]
2018.9.08: 0.77 min                   16 -- [135, 141, 128, 106, 111, 114, 144, 142, 131, 145, 102, 133, 130, 148, 113, 104]
2018.9.09: 0.53 min                   4 -- [40, 75, 90, 99]
2018.9.10: 0.65 min                   15 -- [52, 55, 51, 56, 56, 88, 76, 76, 76, 77, 59, 83, 75, 90, 99]

Number of questions practiced       : 95
Number of unique questions practiced: 47
Max count                           : 4
Total APP Usage Time                : 11.53 min

----- Ran_Gong -----
2018.9.05: 0.27 min                   1 -- [15]
2018.9.06: 5.02 min                   18 -- [24, 6, 29, 17, 9, 10, 18, 40, 11, 41, 3, 46, 37, 44, 49, 15, 24, 6]
2018.9.07: 4.50 min                   21 -- [29, 17, 9, 10, 18, 40, 11, 41, 3, 46, 37, 44, 49, 135, 141, 128, 106, 111, 114, 144, 142]
2018.9.08: 7.93 min                   14 -- [131, 145, 102, 133, 130, 148, 113, 104, 135, 141, 128, 106, 111, 114]
2018.9.09:12.57 min                   26 -- [144, 142, 131, 145, 102, 133, 130, 148, 113, 104, 52, 55, 51, 56, 88, 76, 77, 89, 59, 92, 73, 83, 75, 90, 99, 58]
2018.9.10: 2.90 min                   16 -- [52, 55, 51, 56, 88, 76, 77, 89, 59, 92, 73, 83, 75, 90, 99, 58]

Number of questions practiced       : 96
Number of unique questions practiced: 48
Max count                           : 2
Total APP Usage Time                : 33.18 min

----- Jerry_Hong -----
2018.9.05: 2.93 min                   20 -- [15, 135, 24, 6, 29, 141, 128, 106, 111, 114, 144, 142, 131, 145, 102, 133, 130, 148, 113, 104]
2018.9.06: 1.83 min                   19 -- [17, 9, 10, 18, 40, 52, 55, 51, 135, 141, 128, 106, 111, 114, 11, 41, 3, 46, 37]
2018.9.07: 2.68 min                   27 -- [49, 15, 56, 88, 76, 77, 89, 59, 92, 73, 83, 75, 90, 99, 144, 142, 131, 145, 24, 58, 6, 29, 133, 130, 17, 55, 51]
2018.9.08: 1.40 min                   14 -- [44, 102, 148, 113, 104, 52, 56, 88, 76, 77, 89, 9, 10, 18]
2018.9.09: 1.62 min                   16 -- [59, 92, 73, 83, 75, 90, 40, 11, 41, 3, 46, 37, 44, 49, 99, 58]

Number of questions practiced       : 96
Number of unique questions practiced: 48
Max count                           : 2
Total APP Usage Time                : 10.47 min

----- Hao_Chen -----
2018.9.07: 4.63 min                   23 -- [24, 6, 17, 52, 135, 55, 51, 9, 56, 141, 10, 128, 88, 18, 40, 11, 41, 46, 111, 114, 144, 142, 15]
2018.9.08: 3.22 min                   15 -- [29, 131, 145, 3, 37, 44, 49, 15, 133, 130, 148, 113, 104, 76, 77]
2018.9.09: 5.58 min                   27 -- [24, 89, 59, 92, 73, 83, 75, 106, 102, 90, 99, 58, 52, 135, 55, 51, 6, 56, 29, 88, 141, 9, 106, 111, 114, 144, 142]
2018.9.10: 3.10 min                   12 -- [10, 145, 102, 133, 130, 148, 113, 104, 18, 76, 77, 89]

Number of questions practiced       : 77
Number of unique questions practiced: 48
Max count                           : 2
Total APP Usage Time                : 16.53 min

----- Yun_Zhang -----
2018.9.05: 2.18 min                   19 -- [135, 141, 128, 106, 111, 114, 144, 142, 131, 145, 102, 133, 130, 148, 113, 104, 135, 141, 128]
2018.9.06: 0.97 min                   20 -- [24, 6, 29, 17, 9, 10, 18, 40, 11, 41, 3, 46, 37, 44, 49, 15, 24, 6, 29, 17]
2018.9.08: 2.38 min                   40 -- [9, 10, 18, 40, 11, 3, 3, 46, 46, 37, 37, 37, 37, 111, 114, 144, 142, 131, 145, 102, 133, 130, 148, 113, 104, 55, 51, 56, 88, 76, 77, 89, 59, 92, 73, 83, 75, 90, 99, 58]
2018.9.09: 1.37 min                   16 -- [52, 52, 55, 51, 56, 41, 106, 44, 88, 49, 76, 77, 89, 59, 92, 73]

Number of questions practiced       : 96
Number of unique questions practiced: 48
Max count                           : 5
Total APP Usage Time                : 6.9 min

----- Mingchen_Li -----
2018.9.08: 0.60 min                   7 -- [135, 24, 6, 29, 17, 9, 10]
2018.9.09: 3.50 min                   30 -- [11, 41, 3, 46, 37, 18, 40, 44, 49, 15, 24, 6, 17, 9, 10, 18, 40, 11, 41, 46, 37, 44, 49, 141, 128, 106, 111, 114, 144, 142]

Number of questions practiced       : 38
Number of unique questions practiced: 24
Max count                           : 2
Total APP Usage Time                : 4.1 min

----- Elaine_Yin -----
2018.9.06: 1.50 min                   18 -- [15, 24, 29, 52, 135, 9, 55, 10, 18, 40, 11, 41, 3, 46, 37, 44, 49, 15]
2018.9.07: 0.18 min                   2 -- [6, 17]
2018.9.08: 1.20 min                   15 -- [24, 6, 29, 17, 9, 10, 18, 40, 11, 41, 3, 46, 37, 44, 49]
2018.9.09: 4.22 min                   45 -- [51, 56, 88, 141, 128, 106, 111, 114, 144, 142, 131, 145, 102, 133, 130, 148, 113, 104, 76, 77, 89, 59, 92, 73, 83, 75, 90, 99, 58, 52, 135, 55, 51, 56, 88, 141, 128, 106, 111, 114, 144, 142, 131, 145, 102]

Number of questions practiced       : 80
Number of unique questions practiced: 48
Max count                           : 2
Total APP Usage Time                : 7.1 min

----- Jackie_Hang -----
2018.9.05: 2.15 min                   20 -- [15, 24, 6, 29, 17, 9, 10, 18, 40, 11, 41, 3, 46, 37, 44, 49, 15, 24, 135, 141]
2018.9.06: 3.13 min                   20 -- [6, 52, 55, 51, 56, 88, 76, 77, 89, 59, 92, 73, 83, 75, 90, 99, 58, 52, 55, 29]
2018.9.07: 3.80 min                   20 -- [17, 9, 10, 18, 40, 11, 128, 106, 111, 114, 144, 142, 131, 145, 102, 133, 130, 148, 113, 104]
2018.9.08: 1.80 min                   20 -- [51, 56, 88, 76, 77, 89, 59, 92, 73, 83, 75, 90, 99, 58, 41, 3, 46, 37, 44, 49]
2018.9.09: 1.18 min                   15 -- [135, 128, 106, 111, 114, 144, 142, 131, 145, 102, 133, 130, 148, 113, 104]

Number of questions practiced       : 95
Number of unique questions practiced: 48
Max count                           : 2
Total APP Usage Time                : 12.07 min

----- Jackie_Yang -----
2018.9.05: 5.68 min                   43 -- [15, 24, 6, 29, 17, 9, 10, 18, 40, 11, 41, 3, 46, 37, 44, 49, 15, 24, 6, 29, 135, 141, 128, 106, 111, 114, 144, 142, 131, 145, 102, 133, 130, 148, 113, 104, 135, 141, 128, 52, 55, 51, 56]
2018.9.07: 2.23 min                   17 -- [17, 9, 10, 88, 76, 77, 89, 59, 92, 73, 83, 75, 90, 99, 58, 52, 55]
2018.9.08: 4.05 min                   24 -- [18, 40, 11, 41, 51, 56, 88, 106, 111, 114, 144, 142, 131, 145, 102, 133, 130, 148, 113, 3, 104, 77, 89, 59]
2018.9.09: 1.58 min                   12 -- [46, 37, 44, 49, 76, 92, 73, 83, 75, 90, 99, 58]

Number of questions practiced       : 96
Number of unique questions practiced: 48
Max count                           : 2
Total APP Usage Time                : 13.55 min

----- Zhiyuan_Lin -----
2018.9.05: 3.78 min                   24 -- [15, 24, 6, 29, 17, 9, 10, 18, 40, 11, 41, 3, 46, 37, 44, 49, 15, 24, 6, 29, 52, 52, 135, 17]
2018.9.06: 2.48 min                   15 -- [10, 18, 40, 11, 41, 3, 46, 37, 44, 49, 55, 51, 56, 88, 141]
2018.9.08: 9.12 min                   38 -- [128, 106, 111, 114, 144, 142, 131, 145, 102, 133, 130, 148, 113, 104, 76, 77, 89, 59, 92, 73, 83, 75, 90, 99, 58, 135, 51, 56, 88, 128, 106, 111, 114, 144, 142, 131, 145, 102]
2018.9.09: 4.37 min                   18 -- [55, 141, 133, 130, 148, 113, 104, 76, 77, 89, 59, 92, 73, 83, 75, 90, 99, 58]

Number of questions practiced       : 95
Number of unique questions practiced: 48
Max count                           : 2
Total APP Usage Time                : 19.75 min

----- Irene_Lai -----
2018.9.05: 2.67 min                   18 -- [24, 24, 29, 17, 9, 10, 18, 18, 11, 41, 3, 46, 37, 44, 49, 15, 24, 141]
2018.9.06: 2.62 min                   21 -- [6, 40, 135, 52, 55, 51, 56, 88, 128, 15, 6, 29, 17, 9, 10, 40, 11, 41, 3, 46, 37]
2018.9.07: 2.28 min                   18 -- [44, 49, 114, 144, 142, 131, 102, 102, 130, 148, 113, 104, 135, 141, 128, 106, 111, 114]
2018.9.08: 3.35 min                   20 -- [145, 133, 133, 77, 89, 59, 92, 73, 83, 75, 90, 99, 58, 55, 51, 56, 88, 106, 111, 111]
2018.9.09: 2.98 min                   17 -- [52, 144, 142, 131, 145, 130, 148, 104, 104, 77, 89, 59, 92, 73, 83, 75, 90]

Number of questions practiced       : 94
Number of unique questions practiced: 47
Max count                           : 3
Total APP Usage Time                : 13.9 min

----- Hongyu_Zhai -----
2018.9.07: 4.52 min                   17 -- [52, 135, 6, 29, 17, 9, 10, 18, 40, 11, 41, 3, 46, 37, 44, 49, 15]
2018.9.08: 4.77 min                   22 -- [15, 24, 6, 29, 17, 9, 10, 18, 40, 11, 41, 3, 46, 37, 44, 49, 55, 51, 56, 88, 141, 128]
2018.9.09: 3.87 min                   20 -- [76, 77, 89, 59, 92, 73, 83, 75, 90, 99, 58, 52, 55, 51, 56, 88, 76, 77, 89, 59]
2018.9.10: 6.12 min                   21 -- [106, 111, 114, 144, 142, 131, 145, 102, 133, 130, 148, 113, 104, 135, 141, 128, 106, 111, 114, 144, 142]

Number of questions practiced       : 81
Number of unique questions practiced: 48
Max count                           : 2
Total APP Usage Time                : 19.27 min

----- Xiaoou_Wang -----
2018.9.05: 0.08 min                   0 -- []
2018.9.06: 4.85 min                   19 -- [24, 135, 141, 128, 106, 111, 114, 144, 142, 131, 131, 102, 133, 130, 148, 113, 104, 135, 141]
2018.9.07: 1.05 min                   20 -- [6, 29, 17, 9, 10, 18, 40, 11, 41, 3, 46, 37, 44, 49, 15, 24, 6, 29, 17, 9]
2018.9.09: 1.43 min                   20 -- [10, 18, 40, 11, 41, 3, 46, 37, 44, 49, 145, 128, 106, 111, 114, 144, 142, 145, 102, 133]
2018.9.10: 3.18 min                   36 -- [130, 148, 113, 104, 52, 55, 51, 56, 88, 76, 77, 89, 59, 92, 73, 83, 75, 90, 99, 58, 52, 55, 51, 56, 88, 76, 77, 89, 59, 92, 73, 83, 75, 90, 99, 58]

Number of questions practiced       : 96
Number of unique questions practiced: 48
Max count                           : 2
Total APP Usage Time                : 10.6 min

----- Yiran_Shen -----
2018.9.07: 4.27 min                   30 -- [15, 24, 6, 29, 29, 17, 9, 10, 52, 135, 55, 51, 56, 88, 141, 128, 106, 111, 114, 144, 18, 76, 77, 89, 59, 131, 92, 73, 83, 145]
2018.9.08: 2.13 min                   50 -- [40, 11, 130, 41, 75, 148, 113, 104, 3, 46, 37, 44, 49, 90, 99, 15, 142, 102, 133, 58, 24, 52, 135, 55, 51, 6, 56, 88, 141, 128, 106, 111, 114, 144, 142, 131, 145, 102, 133, 130, 148, 113, 104, 17, 9, 10, 18, 76, 77, 89]
2018.9.09: 0.38 min                   16 -- [40, 11, 59, 92, 73, 83, 41, 75, 3, 46, 37, 44, 49, 90, 99, 58]
2018.9.10: 0.08 min                   0 -- []

Number of questions practiced       : 96
Number of unique questions practiced: 48
Max count                           : 2
Total APP Usage Time                : 6.87 min

----- Wendy_Li -----
2018.9.06: 0.50 min                   3 -- [15, 15, 135]
2018.9.07: 2.93 min                   15 -- [6, 29, 9, 10, 18, 40, 11, 41, 3, 46, 37, 44, 141, 128, 106]
2018.9.08: 3.98 min                   21 -- [17, 49, 24, 6, 29, 17, 111, 114, 144, 142, 131, 145, 102, 133, 130, 148, 113, 104, 135, 141, 128]
2018.9.09: 2.72 min                   11 -- [9, 10, 18, 40, 11, 41, 46, 37, 44, 49, 106]
2018.9.10: 4.83 min                   24 -- [55, 51, 56, 88, 76, 59, 92, 73, 75, 90, 99, 58, 58, 55, 51, 56, 88, 76, 77, 89, 59, 92, 73, 83]

Number of questions practiced       : 74
Number of unique questions practiced: 47
Max count                           : 2
Total APP Usage Time                : 14.97 min

----- Haihong_L -----
2018.9.07: 2.48 min                   18 -- [24, 29, 17, 9, 10, 18, 40, 11, 41, 3, 46, 37, 44, 49, 15, 24, 6, 29]
2018.9.08: 2.95 min                   17 -- [15, 52, 6, 141, 17, 18, 40, 11, 41, 3, 46, 37, 44, 128, 106, 111, 114]
2018.9.09: 0.00 min                   1 -- [9]
2018.9.10: 3.98 min                   22 -- [10, 51, 56, 49, 76, 77, 89, 59, 92, 73, 83, 75, 90, 99, 58, 52, 55, 51, 56, 88, 76, 77]

Number of questions practiced       : 58
Number of unique questions practiced: 37
Max count                           : 2
Total APP Usage Time                : 9.42 min

----- Kebing_Li -----
2018.9.05: 2.75 min                   19 -- [24, 6, 29, 17, 9, 10, 18, 40, 11, 11, 3, 46, 37, 44, 49, 15, 24, 6, 29]
2018.9.06: 2.17 min                   21 -- [41, 15, 52, 55, 51, 56, 88, 76, 77, 89, 59, 92, 73, 83, 75, 90, 99, 58, 52, 55, 51]
2018.9.08: 0.80 min                   32 -- [135, 141, 128, 106, 111, 114, 144, 142, 131, 145, 102, 133, 130, 148, 113, 104, 104, 135, 141, 128, 128, 106, 111, 144, 131, 145, 102, 133, 130, 148, 113, 104]
2018.9.09: 1.65 min                   24 -- [17, 9, 10, 18, 40, 41, 3, 46, 37, 44, 49, 114, 142, 56, 88, 76, 77, 89, 59, 92, 73, 83, 75, 90]

Number of questions practiced       : 96
Number of unique questions practiced: 48
Max count                           : 3
Total APP Usage Time                : 7.37 min

----- Tianshi_Li -----
2018.9.05: 0.32 min                   4 -- [15, 135, 52, 141]
2018.9.06: 1.38 min                   12 -- [9, 10, 18, 40, 11, 41, 3, 46, 37, 44, 49, 15]
2018.9.07: 4.50 min                   63 -- [24, 6, 29, 17, 128, 106, 111, 114, 144, 142, 131, 145, 102, 133, 130, 148, 113, 104, 135, 141, 128, 106, 111, 114, 55, 51, 56, 88, 76, 77, 89, 59, 92, 73, 83, 75, 90, 99, 58, 52, 55, 51, 56, 88, 6, 144, 142, 131, 29, 145, 102, 133, 130, 148, 113, 104, 17, 9, 10, 18, 76, 77, 89]
2018.9.08: 1.95 min                   17 -- [24, 59, 92, 73, 83, 75, 90, 99, 58, 40, 11, 41, 3, 46, 37, 44, 49]

Number of questions practiced       : 96
Number of unique questions practiced: 48
Max count                           : 2
Total APP Usage Time                : 8.15 min

----- Yue_Lian -----
2018.9.05: 2.22 min                   19 -- [24, 6, 29, 17, 9, 10, 18, 40, 11, 41, 3, 46, 37, 44, 44, 15, 24, 6, 29]
2018.9.06: 3.73 min                   21 -- [49, 15, 17, 9, 10, 52, 55, 51, 56, 88, 76, 77, 89, 59, 92, 73, 83, 75, 90, 99, 58]
2018.9.07: 2.58 min                   19 -- [141, 128, 106, 111, 114, 144, 142, 131, 145, 102, 133, 130, 148, 113, 104, 52, 135, 55, 51]
2018.9.09: 3.35 min                   34 -- [18, 135, 141, 40, 11, 3, 46, 37, 106, 111, 114, 144, 142, 131, 145, 102, 133, 130, 148, 113, 104, 56, 88, 76, 77, 89, 59, 92, 73, 83, 75, 90, 99, 58]

Number of questions practiced       : 93
Number of unique questions practiced: 48
Max count                           : 2
Total APP Usage Time                : 11.88 min

----- Yibing_Du -----
2018.9.07: 0.22 min                   4 -- [24, 6, 6, 17]
2018.9.08: 1.73 min                   17 -- [10, 40, 11, 41, 3, 46, 44, 49, 15, 24, 6, 29, 135, 52, 55, 51, 56]
2018.9.09: 2.70 min                   39 -- [9, 18, 37, 15, 29, 17, 9, 10, 18, 40, 11, 41, 3, 46, 37, 44, 49, 141, 128, 88, 76, 77, 89, 59, 92, 73, 83, 75, 90, 99, 58, 52, 55, 51, 56, 88, 76, 77, 89]

Number of questions practiced       : 60
Number of unique questions practiced: 35
Max count                           : 3
Total APP Usage Time                : 4.65 min

----- Fangjie_Cao -----
2018.9.06: 4.23 min                   17 -- [135, 52, 52, 24, 24, 29, 17, 17, 9, 55, 40, 11, 41, 3, 46, 37, 44]
2018.9.07: 9.75 min                   40 -- [6, 10, 18, 49, 15, 6, 29, 9, 10, 18, 40, 11, 41, 3, 46, 37, 44, 49, 128, 111, 51, 56, 88, 76, 77, 89, 59, 92, 73, 83, 75, 90, 99, 58, 55, 51, 56, 88, 76, 77]
2018.9.08: 1.42 min                   37 -- [141, 141, 114, 144, 142, 131, 131, 102, 133, 130, 148, 113, 104, 135, 141, 128, 106, 111, 114, 144, 142, 131, 145, 102, 133, 130, 148, 113, 104, 59, 59, 92, 73, 75, 90, 99, 58]
2018.9.09: 1.18 min                   1 -- [89]
2018.9.10: 0.00 min                   0 -- []

Number of questions practiced       : 96
Number of unique questions practiced: 48
Max count                           : 3
Total APP Usage Time                : 16.58 min

----- Yunan_Xu -----
2018.9.05: 4.80 min                   18 -- [24, 135, 29, 29, 17, 9, 10, 18, 40, 11, 41, 3, 46, 37, 44, 49, 15, 24]
2018.9.06: 6.33 min                   21 -- [6, 52, 55, 51, 141, 56, 88, 128, 106, 111, 15, 6, 17, 9, 144, 142, 131, 145, 102, 133, 130]
2018.9.07: 5.50 min                   17 -- [18, 114, 76, 77, 89, 11, 41, 92, 73, 83, 75, 148, 3, 104, 90, 99, 58]
2018.9.08: 4.13 min                   18 -- [37, 44, 49, 52, 135, 51, 56, 88, 141, 128, 106, 111, 114, 144, 142, 131, 145, 102]
2018.9.09: 5.05 min                   21 -- [10, 113, 59, 133, 55, 130, 76, 77, 89, 59, 92, 73, 83, 148, 113, 40, 46, 75, 90, 99, 58]

Number of questions practiced       : 95
Number of unique questions practiced: 48
Max count                           : 2
Total APP Usage Time                : 25.82 min

----- Wenming_Zhang -----
2018.9.06: 1.90 min                   10 -- [6, 29, 17, 9, 10, 18, 40, 11, 41, 3]
2018.9.07: 1.48 min                   6 -- [37, 44, 49, 15, 6, 29]
2018.9.09: 8.50 min                   24 -- [24, 46, 15, 24, 17, 9, 10, 52, 135, 55, 51, 56, 88, 141, 128, 106, 111, 114, 144, 142, 131, 145, 102, 133]

Number of questions practiced       : 40
Number of unique questions practiced: 33
Max count                           : 2
Total APP Usage Time                : 11.88 min

----- Qiwen_Zhang -----
2018.9.05: 1.33 min                   12 -- [24, 6, 29, 17, 9, 10, 18, 40, 11, 3, 135, 52]
2018.9.06: 1.48 min                   22 -- [15, 41, 46, 37, 44, 49, 15, 24, 6, 29, 17, 9, 10, 18, 40, 11, 41, 3, 46, 37, 44, 49]
2018.9.07: 0.68 min                   6 -- [55, 51, 56, 88, 76, 77]
2018.9.08: 2.87 min                   19 -- [59, 92, 73, 83, 141, 128, 75, 106, 111, 114, 144, 142, 131, 145, 102, 133, 130, 148, 113]
2018.9.09: 1.15 min                   21 -- [89, 104, 90, 99, 58, 52, 135, 55, 51, 56, 88, 141, 128, 106, 111, 114, 144, 142, 131, 145, 102]
2018.9.10: 1.12 min                   15 -- [133, 130, 148, 113, 104, 77, 89, 59, 92, 73, 83, 75, 90, 99, 58]

Number of questions practiced       : 95
Number of unique questions practiced: 48
Max count                           : 2
Total APP Usage Time                : 8.63 min

----- Yifan_He -----
2018.9.06: 0.60 min                   1 -- [135]
2018.9.09: 3.28 min                   93 -- [24, 52, 55, 51, 56, 88, 76, 77, 89, 59, 92, 73, 83, 75, 90, 99, 58, 52, 55, 51, 56, 88, 76, 77, 89, 59, 92, 73, 83, 75, 90, 99, 58, 6, 29, 17, 9, 9, 18, 40, 11, 41, 3, 46, 37, 44, 49, 15, 24, 6, 29, 17, 9, 10, 18, 40, 11, 41, 46, 37, 44, 49, 141, 128, 106, 111, 114, 144, 142, 131, 145, 102, 133, 130, 148, 113, 104, 135, 141, 128, 106, 111, 114, 144, 142, 131, 145, 102, 133, 130, 148, 113, 104]

Number of questions practiced       : 95
Number of unique questions practiced: 48
Max count                           : 3
Total APP Usage Time                : 3.88 min

----- xuebing_leng -----
2018.9.05: 2.45 min                   15 -- [24, 135, 17, 141, 128, 10, 18, 40, 11, 41, 3, 46, 37, 44, 49]
2018.9.06: 2.83 min                   25 -- [15, 106, 111, 114, 144, 142, 6, 131, 131, 52, 29, 9, 15, 24, 6, 29, 17, 9, 9, 18, 40, 11, 41, 3, 46]
2018.9.07: 3.25 min                   20 -- [37, 44, 49, 102, 133, 130, 148, 113, 104, 135, 141, 128, 106, 111, 114, 144, 142, 131, 145, 102]
2018.9.08: 2.18 min                   20 -- [10, 145, 133, 130, 148, 113, 104, 55, 51, 56, 88, 76, 77, 89, 59, 92, 73, 83, 75, 90]
2018.9.09: 1.22 min                   23 -- [99, 58, 52, 55, 51, 56, 88, 76, 77, 89, 89, 89, 89, 89, 89, 89, 89, 89, 92, 73, 83, 75, 90]

Number of questions practiced       : 103
Number of unique questions practiced: 48
Max count                           : 10
Total APP Usage Time                : 11.93 min

