
----- Harry_Liu -----
2018.9.04:  8.58 min                  20 -- [1, 21, 38, 45, 32, 8, 5, 30, 14, 19, 27, 2, 31, 42, 35, 25, 1, 21, 38, 45]
2018.9.05: 18.95 min                  40 -- [1, 147, 21, 100, 97, 94, 64, 82, 87, 50, 85, 74, 70, 68, 84, 93, 79, 72, 65, 53, 97, 94, 64, 82, 87, 50, 85, 74, 70, 68, 84, 93, 79, 72, 65, 53, 38, 138, 118, 112]
2018.9.06:  9.33 min                  20 -- [136, 32, 8, 5, 30, 14, 19, 27, 2, 31, 42, 35, 25, 143, 121, 132, 120, 139, 117, 125]
2018.9.07:  0.17 min                  0 -- []

Number of questions practiced       : 80
Number of unique questions practiced: 45
Max count                           : 3
Total APP Usage Time                : 37.03 min

